233 233
235 256
241 280
247 305
254 330
264 352
276 375
293 391
314 394
336 388
351 370
362 348
370 323
374 299
378 274
381 249
380 223
241 213
246 201
258 198
270 201
283 207
309 206
323 198
337 194
352 196
362 205
298 228
299 243
300 257
301 272
289 289
295 292
303 294
311 291
319 287
257 232
263 226
273 225
282 232
273 235
263 236
321 229
329 222
339 221
347 225
341 230
331 231
280 332
288 326
298 321
305 324
312 320
323 323
335 329
325 340
315 345
306 346
298 346
288 343
285 331
298 330
306 331
313 329
329 329
313 331
306 333
298 332
0 0
0 600
600 0
0 800
800 0
800 600
600 800