255 312
257 344
261 375
265 406
273 437
289 463
309 486
332 507
363 515
397 513
427 497
452 475
473 447
487 417
494 385
501 351
505 317
265 303
281 288
304 283
328 285
352 293
387 295
414 288
441 285
467 292
485 311
366 323
363 349
360 375
357 401
331 403
344 411
360 417
376 412
392 407
290 319
304 312
323 313
339 327
321 330
302 329
402 328
418 315
437 314
453 323
439 332
419 332
316 435
330 429
346 427
362 433
377 430
397 435
418 444
396 460
376 466
359 466
343 462
328 451
323 436
345 440
361 444
377 444
409 444
376 445
361 445
345 441
0 0
0 600
600 0
0 800
800 0
800 600
600 800